session_id,group_id,trial_type,EV_AV_a_full,EV_AV_a_eval,EV_AV_t_full,EV_AV_t_eval,EV_V_a_full,EV_V_a_eval,EV_V_t_full,EV_V_t_eval,EV_A_a_full,EV_A_a_eval,EV_A_t_full,EV_A_t_eval,EV_Motor_a_full,EV_Motor_a_eval,EV_Motor_t_full,EV_Motor_t_eval,EV_Model_a_full,EV_Model_a_eval,EV_Model_t_full,EV_Model_t_eval
0,0,V,0.8730420450144456,0.8870735814429429,0.17336165136058357,0.17364943607879868,0.8730420450144456,0.8870735814429429,0.17336165136058357,0.17364943607879868,0.0,0.0,0.0,0.0,0.22925139987931487,0.29303769372073885,0.25742035964560894,0.29936711608082456,0.9460119024089411,0.960632434489873,0.4070925173041,0.43826372102754396
0,0,A,0.8195732342997325,0.7610219134286368,0.17421875099686968,0.1597720797979041,0.0,0.0,0.0,0.0,0.8195732342997325,0.7610219134286368,0.17421875099686968,0.1597720797979041,0.2937178734664734,0.1884021657965993,0.23520250517266295,0.36174998249868273,0.9389389861071576,0.8857636480114836,0.388588243579979,0.5206213965608658
0,0,AV+,0.9496920720712383,0.9361431120778729,0.3403499588121285,0.32964563206737885,0.6137851931577071,0.579354247447377,0.22142864399467543,0.20507606631242548,0.6987239206890097,0.6403673353464032,0.25057482051409485,0.22692689210764272,0.2153096273735139,0.17502263326685363,0.2286775985973728,0.26442223304546275,0.9859886213197235,0.9694575492221107,0.5191540898541602,0.5491123174368402
0,0,AV-,0.9501099174628367,0.9731253797887223,0.3446738199288475,0.33428877990842043,0.6190094652119345,0.6531208236535984,0.21748962096246638,0.2195972771337018,0.6864628447412988,0.6881020367916335,0.249202899173961,0.23553130627904595,0.21876215479113803,0.150569749453484,0.2225891866849572,0.23702433234553277,0.9903275497550749,0.98633654047629,0.5033089828814357,0.5041645956344014
1,0,V,0.9843878426170757,0.9564982769776644,0.42902798153620036,0.3853307065700734,0.9843878426170757,0.9564982769776644,0.42902798153620036,0.3853307065700734,0.0,0.0,0.0,0.0,-0.07089955430684958,-0.21480126361962615,0.07950603622920283,0.057143696253838305,0.9919248952179661,0.9709090218788052,0.5383912864322529,0.5177416074078696
1,0,A,0.9510508404595801,0.9201582878247894,0.24837414096090105,0.2366404605565311,0.0,0.0,0.0,0.0,0.9510508404595801,0.9201582878247894,0.24837414096090105,0.2366404605565311,0.16527605026518832,0.021199676963803316,0.1730277614975373,0.04405831480662248,0.9736858726854589,0.9146423156751807,0.3884593543222399,0.271125467438469
1,0,AV+,0.9943303214310365,0.9855095081494063,0.6248362699985641,0.6372333258004654,0.8668560492071784,0.8629437913231801,0.5406835488676734,0.5549739733347323,0.5341019851717144,0.5366186286238581,0.33691533888653613,0.35496564926163143,0.004329676620346556,0.08222416295623913,0.10901489993504965,0.17378190945145167,0.9954149548077623,0.9884896127848019,0.7267331005672311,0.760083941470511
1,0,AV-,0.9923098160153248,0.9878101879611401,0.6170298924558355,0.5881896878989998,0.8748647547272744,0.89090909264815,0.5430709435780847,0.5297766869002736,0.5456253651588632,0.5649685933169598,0.33115444516550174,0.33060467770253654,0.059752233824344136,0.022841526681049773,0.11766833688252354,0.14336329969875716,0.9946204728557573,0.9894675041627289,0.6986712914282516,0.7203401817296073
2,0,V,0.9273526789214834,0.817814508782594,0.10320743371668084,0.13593337070787526,0.9273526789214834,0.817814508782594,0.10320743371668084,0.13593337070787526,0.0,0.0,0.0,0.0,-0.02545451072973015,-0.05065841852271413,-0.005680918782227096,-0.02389429421770628,0.932976615891704,0.8076601018609632,0.10021774461139188,0.11493662486754341
2,0,A,0.4486900975173772,0.5524181715852099,-0.0023998373895186553,0.0037446006516360653,0.0,0.0,0.0,0.0,0.4486900975173772,0.5524181715852099,-0.0023998373895186553,0.0037446006516360653,0.10471784060057265,-0.047138451136713444,0.018203792812435227,0.03492113528299379,0.3965251079481288,0.46610606381003117,0.014492406311016226,0.041825556587068435
2,0,AV+,0.9535999772124102,0.8785672968136726,0.15901493179959425,0.16702502654493023,0.7556008908063091,0.6558262975818816,0.12345503390185086,0.1253087864469612,0.1415567600518084,0.16636773196647336,0.028762409588982907,0.03431030028813942,0.06325726981114532,0.09582202598187728,0.03835145078482216,0.05319025787035225,0.9684387449182383,0.9046022835955468,0.1889180774685406,0.2077405897833947
2,0,AV-,0.9741412702090662,0.9430640091117998,0.1277159195638805,0.18609780561209943,0.7523502242312707,0.7104850519591572,0.09227272830943833,0.12474380469566093,0.13445980539730062,0.156761882289842,0.022929263538645883,0.044215051048932974,0.01446024108680799,0.00512473071058972,0.01514800753460288,0.011138690671686158,0.9704705594891294,0.944709456350433,0.13931411625593704,0.19353856303889483
3,0,V,0.8058948629822564,0.6870368016730217,0.028549148976538263,0.03421399098521549,0.8058948629822564,0.6870368016730217,0.028549148976538263,0.03421399098521549,0.0,0.0,0.0,0.0,0.2954831074644345,0.4907104615859186,0.12607069495792234,0.11500990540549072,0.9534288662042374,0.8083015843171786,0.1579305090452855,0.11855789726579125
3,0,A,0.356458145192009,0.18643109569010463,0.012411872282563463,0.021781034369268704,0.0,0.0,0.0,0.0,0.356458145192009,0.18643109569010463,0.012411872282563463,0.021781034369268704,0.7387832204724426,0.720387387827027,0.2087336531570576,-0.0012714152902799647,0.9748203639117481,0.844243446323419,0.20521322649009666,0.005147487041377463
3,0,AV+,0.5862431735886644,0.6331719002522356,0.056071923840111615,0.03743914929913572,0.5234095036257276,0.5435391066176443,0.04898029192639852,0.032044974401566284,0.01607551112414185,0.0025170873764798207,0.0030422504959929375,0.0011278611293844554,0.7404387965443475,0.7454544716397988,0.2167421148889762,0.2647620882943108,0.9870981606082562,0.9148470874045405,0.26632236493983497,0.30633483455929866
3,0,AV-,0.6151602580225127,0.6270510806878908,0.04557924259924562,0.04053251792692536,0.5772489080056437,0.5244487867127432,0.0408528542440767,0.0313546605870727,-0.02005408010334153,0.02788079699786561,0.0005549449735341438,0.004151255650996832,0.7381321384106057,0.6590330325306951,0.2084833582362019,0.14655662816126458,0.9779910348064896,0.9195012555829546,0.2579431627579849,0.20442647527851077
4,0,V,0.987383784011054,0.9734007654268142,0.42418168307159965,0.36753042973279604,0.987383784011054,0.9734007654268142,0.42418168307159965,0.36753042973279604,0.0,0.0,0.0,0.0,-0.13441892176902703,-0.16617294191282284,-0.018067960180066178,-0.04324599582927702,0.9681385866918485,0.948310525773321,0.45782892137331976,0.384043626125363
4,0,A,0.01564756667259093,0.4339527235895776,0.004587759675997671,0.034007804430891464,0.0,0.0,0.0,0.0,0.01564756667259093,0.4339527235895776,0.004587759675997671,0.034007804430891464,0.48840155375044825,0.3121148549431201,0.08634443872412834,0.01792360653267122,0.558868186228331,0.731479300058101,0.10406405609165659,0.03900286880523318
4,0,AV+,0.9210421789111161,0.9663761485928182,0.3937125654406213,0.5028660724691738,0.8207718400786679,0.9008209962788771,0.3500165656525758,0.4683541308018989,0.12724939254760836,0.10365491046391162,0.0524663183291495,0.05208359409434982,0.05335288405393235,0.004387371652345817,0.05812410633402443,0.022679378045488807,0.9881311824890185,0.9901007470973558,0.45971068279496874,0.5425396292380277
4,0,AV-,0.9476286153227991,0.948562479243118,0.41889611746088096,0.4325021295282665,0.8617660156618181,0.8787995944143592,0.3803717784306837,0.3951376168379436,0.10932319670070956,0.10485902819228077,0.05121469768761555,0.05473995924432462,0.021706868061649343,-0.025072254059324894,0.03361434206559588,0.028330015536798592,0.9947263683868427,0.9839068617220108,0.46697458056432495,0.4850470772226556
5,0,V,0.9742093616847801,0.9802082180557645,0.5321660577839412,0.446510661543868,0.9742093616847801,0.9802082180557645,0.5321660577839412,0.446510661543868,0.0,0.0,0.0,0.0,-0.07351836142931933,-0.10060863127360253,-0.018285114096905808,-0.02557189715749497,0.9665025114327951,0.9743547167577176,0.5539209515575876,0.4701060676508392
5,0,A,0.6652547225626577,0.6431233036252944,0.110713427463203,0.09890536914379855,0.0,0.0,0.0,0.0,0.6652547225626577,0.6431233036252944,0.110713427463203,0.09890536914379855,0.3265057400043543,0.30181065016590225,0.09953469840160045,0.10438996539864076,0.838826969058021,0.7820127321630657,0.18580754868615867,0.17762554899914051
5,0,AV+,0.9969419215573836,0.9800463844764112,0.5744682856836838,0.5773255665514017,0.9525319344405669,0.9597414903661352,0.5482405251689885,0.5672523825735263,0.30268549737779404,0.3334790213136585,0.1742013708823722,0.18964807973117048,0.08529326251282732,0.08792059698599008,0.06602703654306274,0.08197186018034719,0.9937158808075883,0.968422458872454,0.5932858345981464,0.6038481095919963
5,0,AV-,0.9905791384852243,0.9526502694435619,0.5431740014154233,0.4713224026185092,0.937693364758777,0.9148836489500585,0.5139143500550765,0.4592270631247273,0.29655085191036634,0.3510280088751767,0.162041528949456,0.17613887474528056,0.08098626143411947,0.10147528098656555,0.0548140125479436,0.03333434934844626,0.9937408491913085,0.9615775953343175,0.5553554255949648,0.4639163685547285
6,0,V,0.987778805553681,0.9855092221521126,0.4641751132784282,0.4539820483051843,0.987778805553681,0.9855092221521126,0.4641751132784282,0.4539820483051843,0.0,0.0,0.0,0.0,-0.008153643644090769,-0.018461268553200183,0.021040933518104987,-0.0016172006914199066,0.9838659693647863,0.9853765525776905,0.4877924906152237,0.4508006843119
6,0,A,0.552198892289964,0.506079414047507,0.023050625708948225,0.012156220996737965,0.0,0.0,0.0,0.0,0.552198892289964,0.506079414047507,0.023050625708948225,0.012156220996737965,0.2816859603782568,0.16637542169992048,0.09077174570596158,0.169666815075585,0.7781266688311113,0.6199346824183802,0.11661918936329352,0.17753157351917193
6,0,AV+,0.9925319912737607,0.9758927268010867,0.46520167109590926,0.47386896364803455,0.986375508776681,0.9667134363014026,0.4622247891492347,0.4690130499316473,0.06241549124412915,0.052970999290441356,0.028538230465277148,0.02629141052123607,0.07145779367255412,0.09546624895337974,0.06132296587898245,0.07709770221591417,0.9921065563093681,0.9867380901526573,0.4936160259841402,0.5060758371336191
6,0,AV-,0.9913657087838608,0.970239766668328,0.4587427710469798,0.5033847255584656,0.9767082052279782,0.9436407168194125,0.4518503171378614,0.49173662456618394,0.06793165529916367,0.07232339287071043,0.031150315688723618,0.035065371787665556,0.07212223408131047,0.07294790898223491,0.06461233516652531,0.044486105422980704,0.9941648040263875,0.9758049108860664,0.4926062550660759,0.5083540477415287
7,0,V,0.7552223605524191,0.7400879288645206,0.3199684645588281,0.3431423380850498,0.7552223605524191,0.7400879288645206,0.3199684645588281,0.3431423380850498,0.0,0.0,0.0,0.0,0.17692946544972155,0.21830319638951545,0.083549994925184,0.08129089535657297,0.8370106003630361,0.8405871268657406,0.36658068849727554,0.37173892768372396
7,0,A,0.7166930685739563,0.7169051978566604,0.30485985812060623,0.32369914837618385,0.0,0.0,0.0,0.0,0.7166930685739563,0.7169051978566604,0.30485985812060623,0.32369914837618385,0.2182752382659806,0.19913310795730899,0.12825910446030997,0.1232309905937985,0.8232762175864423,0.8106877753107685,0.3791179985404989,0.3951973744590127
7,0,AV+,0.9871633958660773,0.9852183226315246,0.46240204259764905,0.4885005054269763,0.7602623740489689,0.7438379381050418,0.3561673222617344,0.3682049716992446,0.6974018480147437,0.6780710802166341,0.32609946485949937,0.3362996214664772,0.18829715326241203,0.15369668724659313,0.1138960066134973,0.07774069437983466,0.9832113004731496,0.9888227892452172,0.490522788815392,0.4977035908954973
7,0,AV-,0.9900590671586237,0.9816073436558319,0.4287736424123868,0.38669905317094366,0.7761979894955573,0.7890752191872722,0.33785162503964306,0.31022857375412116,0.7137272709647141,0.7216105081456099,0.3086461052544033,0.28388452702582345,0.19028230774611476,0.1925785498925111,0.10229796969815019,0.09523096654806629,0.9806738985353364,0.9650503461181061,0.44787968165187764,0.4018655155642735
8,0,V,0.8852509571656426,0.5314480453280557,0.06824411483237303,0.04830546916335288,0.8852509571656426,0.5314480453280557,0.06824411483237303,0.04830546916335288,0.0,0.0,0.0,0.0,0.15808842410415358,0.12674230342467652,0.08125109105815354,0.09888665871974933,0.9049171003987866,0.6228275008139197,0.1406913414176223,0.1427450638197284
8,0,A,0.6308932816558426,0.5080400581174043,0.049148243388373536,0.03606586597729977,0.0,0.0,0.0,0.0,0.6308932816558426,0.5080400581174043,0.049148243388373536,0.03606586597729977,0.5666195926740714,0.601122264809256,0.10093476874448659,0.09632542903360242,0.9336151566576212,0.8743953137178531,0.12999636780723667,0.11312318551075207
8,0,AV+,0.7819968760621465,0.6936173197347475,0.11415680694304475,0.13411865110729737,0.4915466091449049,0.505341885587403,0.07853971263630954,0.1078899581623809,0.20738434490118307,0.14380506579443086,0.025479413722992006,0.02020827059924868,0.6406567609243059,0.6079014832955979,0.21962921673572,0.24515336455536818,0.9878980127431403,0.9484984799602524,0.28126814907473896,0.32080873122310505
8,0,AV-,0.7784087510104117,0.7318273560241035,0.10310601940576747,0.09171771198744383,0.4613201971029617,0.5816004114323218,0.06878547903478627,0.07350580898292469,0.22846017935311824,0.09114234979753633,0.02521827344158034,0.012302335493848182,0.6602482810479535,0.6052041058971742,0.25103758408713794,0.1697784609023567,0.9856612658301799,0.8834567028865437,0.3036986448044958,0.21329264710949947
0,1,V,0.9732990630504208,0.9676490908878821,0.4738677005555949,0.43071637267139695,0.9732990630504208,0.9676490908878821,0.4738677005555949,0.43071637267139695,0.0,0.0,0.0,0.0,-0.10032328674035274,-0.013262354103950713,0.0863812488518968,0.17018615884645216,0.9718888642143154,0.9740302770604171,0.6056170349258931,0.6057835044350917
0,1,A,0.7193234443545095,0.677214821432113,0.16679820878053453,0.12532177869194794,0.0,0.0,0.0,0.0,0.7193234443545095,0.677214821432113,0.16679820878053453,0.12532177869194794,0.4525047777239737,0.2761134672820815,0.3254431110257837,0.30718514164706523,0.9265293309683644,0.8274460349774085,0.4421027070339928,0.4179924303055468
0,1,AV+,0.9861775600219013,0.9804958981710112,0.5713051614264768,0.5273919949704999,0.9028471466917889,0.8919540658333837,0.5228930592188998,0.4804697707383081,0.37973384612501004,0.38807467435942267,0.21658613841603558,0.20402212911647855,0.18003258437297864,0.12917912253300445,0.22872356675848216,0.21577926148731796,0.9907788451643655,0.9902355518641206,0.7015892833740109,0.6809892585386399
0,1,AV-,0.9818125604975747,0.9803334071666258,0.5730068810096639,0.5662988580830943,0.9029685394402099,0.8867684790504525,0.5279251457715082,0.5125772389212826,0.3741283155941443,0.37782467848005674,0.21730616561029015,0.2211499300542059,0.16438118291228543,0.13415239399263923,0.21650343889069756,0.2150076611411763,0.9918759216459457,0.9897732162222782,0.7029187305080635,0.7146374541133542
1,1,V,0.970187675045915,0.9700857041763021,0.42076654673674274,0.43733596898449956,0.970187675045915,0.9700857041763021,0.42076654673674274,0.43733596898449956,0.0,0.0,0.0,0.0,-0.05416451947939205,-0.048800319758252275,0.0779525330945855,0.034340155700091746,0.9820685393708718,0.9708877511808306,0.5319023683920394,0.4893431562066637
1,1,A,0.6275405716406897,0.6498981536360985,0.09235619060072586,0.08450381911687921,0.0,0.0,0.0,0.0,0.6275405716406897,0.6498981536360985,0.09235619060072586,0.08450381911687921,0.6615010345420351,0.7047030781910125,0.4099229919413496,0.3815575466273232,0.9422650981696583,0.942679455034738,0.4502762157984753,0.4133793148063757
1,1,AV+,0.9668140753073133,0.9692428469742075,0.5145511604845598,0.4495450412793074,0.8858571301144423,0.9223446468970903,0.4731953357966602,0.42912532860393904,0.32310056799384645,0.38430876898259836,0.16335447170870332,0.16519980320573313,0.2941421887740965,0.27024674495264733,0.3128423814467872,0.2654472658214705,0.9927407146742145,0.9563504923305219,0.6897757231526771,0.595333281345972
1,1,AV-,0.9652051570786869,0.9554847956013459,0.559041646119632,0.6260228721291068,0.8732925370861454,0.8479152397503765,0.5084997668873337,0.5582986583697898,0.32089463296439624,0.32838521074812155,0.17909517232395167,0.20947062172068953,0.3205941020212194,0.35242469029798096,0.2744148047252509,0.2997743247230159,0.9936704908746866,0.9933014018883828,0.6801406788055031,0.7336006076721358
2,1,V,0.9575200047783585,0.8726744708843908,0.2551274421860118,0.2636440619775946,0.9575200047783585,0.8726744708843908,0.2551274421860118,0.2636440619775946,0.0,0.0,0.0,0.0,-0.171344121710979,-0.22709651392226715,0.028215450737246517,-0.07157797133242894,0.9815480085685822,0.9117860808868499,0.33390657039321403,0.2779605585878697
2,1,A,0.6274089044840074,0.6449380160900611,0.022128092434052338,0.04590009663721284,0.0,0.0,0.0,0.0,0.6274089044840074,0.6449380160900611,0.022128092434052338,0.04590009663721284,0.600377967928076,0.20050000617818786,0.20924550565707667,0.2100422985188678,0.7783988117196938,0.6785193954277352,0.2204263817870692,0.24734325177711225
2,1,AV+,0.9827080220803242,0.9448194767876101,0.3703727163837036,0.364710176700041,0.9503676394069215,0.9146674502097099,0.3581779300218755,0.35413767151008857,0.1559703255882976,0.1449728884041489,0.05733711603685876,0.05488819882003915,0.1380669622204892,0.15867967115828918,0.22437201630760284,0.18523541800182342,0.9954137308634184,0.9527057869827847,0.5480949029502217,0.4904241862197286
2,1,AV-,0.9819270849747027,0.9265211551750574,0.3368926154899524,0.3269275429076759,0.9520205249116568,0.9057248298024413,0.32643316665528443,0.31884821824538645,0.151204374239578,0.14724427632317938,0.05262575042424167,0.050200065362458024,0.12714283417700067,0.08797608970271775,0.21195840367271457,0.2072960012828371,0.9955160504636726,0.9321200416768024,0.5081163310634991,0.5012596040529227
3,1,V,0.7189560423800181,0.8005839390149079,0.08264116793661858,0.09928809660508875,0.7189560423800181,0.8005839390149079,0.08264116793661858,0.09928809660508875,0.0,0.0,0.0,0.0,-0.42413019856857237,-0.3435638167639463,-0.01678286997064471,-0.01791714340192252,0.5849944109001565,0.6590124970704577,0.0947802286342121,0.10151881584802291
3,1,A,0.011552052746048203,-0.01924732959853137,0.0020836042660966614,0.00466179042452286,0.0,0.0,0.0,0.0,0.011552052746048203,-0.01924732959853137,0.0020836042660966614,0.00466179042452286,0.4634243673889139,0.43931267610573144,0.07325283848887976,0.0246085964585393,0.5332641559354028,0.4751621798695862,0.08089873549588011,0.0320107468058759
3,1,AV+,0.8176285652014345,0.8297174607919171,0.16696921786038643,0.17359989108033935,0.6124128780435145,0.7430966134563084,0.1305615739088728,0.1591958817929876,-4.123249680332286e-05,-0.08992618811496,-0.0030261058842204758,-0.018764483952541378,-0.09760002153057301,-0.05971277405217568,0.009784881345626162,0.03328197107874287,0.9310355637618183,0.8324895865115092,0.21747947320905658,0.22125863784920374
3,1,AV-,0.8039257668248933,0.8382817233630643,0.1579628540992939,0.15750561733315815,0.6387815861428188,0.737810190188578,0.13214414188001777,0.14332065324695398,-0.05901565334963643,-0.119005233561148,-0.005151448224715471,-0.020672177936396974,-0.15933854722739027,-0.15073289523537903,0.0012525295200405129,-0.01844745692896077,0.9380218081587184,0.8381969912823346,0.21060442637586774,0.17285627536296377
4,1,V,0.992958718192368,0.9445962880095815,0.5481561080974933,0.4827889885606851,0.992958718192368,0.9445962880095815,0.5481561080974933,0.4827889885606851,0.0,0.0,0.0,0.0,-0.018811821040818355,0.0010700675891609501,0.004791311892789363,0.02359335076426028,0.991438099610148,0.9441846298138075,0.5625123795886733,0.5100214170234613
4,1,A,0.6173657523287399,0.6630404661827602,0.10062152268187485,0.0607253877926186,0.0,0.0,0.0,0.0,0.6173657523287399,0.6630404661827602,0.10062152268187485,0.0607253877926186,0.5911545793172307,0.5822346373942862,0.1173918603470967,0.03906213823947213,0.933275013156851,0.8760782581677349,0.1732722919620031,0.05306451079215024
4,1,AV+,0.9897622005183195,0.9557103479943478,0.5545547657471709,0.5818357618961099,0.9559251531844348,0.8973127181124986,0.5355567497154391,0.5464320043713993,0.20287594922329077,0.20475511719185524,0.11117153313380035,0.11932751397633812,0.1316794745860127,0.09026578042401989,0.12035822441527588,0.09793582201527218,0.9951303649419122,0.9685887617432843,0.6050259632326067,0.6324490645451444
4,1,AV-,0.993907585848713,0.9581904478445832,0.5674725843720463,0.5728087029039889,0.9673706827441789,0.9064927573744797,0.5512724841986583,0.5432648060519888,0.20243470088039095,0.2029700243150212,0.11565407538432515,0.12369902431261437,0.13573407365009527,0.1622960669609711,0.122622649802966,0.15548262865977236,0.9952659164006579,0.9804796442379133,0.6126548512076422,0.6416012186500195
5,1,V,0.9324731648196782,0.8105716050368001,0.1923580394007216,0.17579279064031594,0.9324731648196782,0.8105716050368001,0.1923580394007216,0.17579279064031594,0.0,0.0,0.0,0.0,0.09880776361075783,0.22218925009202628,0.09516531929043737,0.08662294706619655,0.9614684071726415,0.8959615026988935,0.27484189344385257,0.2429022078302394
5,1,A,0.8083164780510603,0.7453906354391231,0.07761265316870924,0.05472837978374723,0.0,0.0,0.0,0.0,0.8083164780510603,0.7453906354391231,0.07761265316870924,0.05472837978374723,0.25247289839927967,0.30279174582469603,0.09867343446983401,0.16492957687468357,0.8925905412195303,0.8138321286357518,0.1598266870972126,0.19720008083141205
5,1,AV+,0.9275899686213989,0.8189732400929021,0.22562851249491156,0.1692908890770769,0.7181153271740651,0.6340146891734496,0.18458896191669494,0.13730215331689577,0.560746246489431,0.569553463649433,0.1123928218873339,0.12186394628907904,0.0700635634676392,0.10905029816688627,0.09832374908515118,0.06647682650478592,0.9496267881309554,0.8833213609386095,0.3045914322278894,0.22833227736584472
5,1,AV-,0.9176915057595701,0.9186551869564731,0.24194954871195107,0.29338434433282934,0.6941879479512553,0.659105355830246,0.19420795329466178,0.22507039141764995,0.5537917998103719,0.5584373679014172,0.11290948611028495,0.131974925703495,0.11364409294315547,0.08707574160344755,0.10310466115990635,0.060494876931129316,0.9618819444440101,0.9314845648954903,0.32474758394500436,0.3363343360614227
6,1,V,0.9240065286872319,0.7402314464361588,0.35302926680529934,0.31466689445918417,0.9240065286872319,0.7402314464361588,0.35302926680529934,0.31466689445918417,0.0,0.0,0.0,0.0,0.14957816472197338,0.12840307480748392,0.0898407740615591,0.07714324013260965,0.9576084838471792,0.793774618369484,0.40567064795264685,0.3880926429713536
6,1,A,0.8002142034763757,0.8883311598243281,0.19604721943569725,0.1643903283029442,0.0,0.0,0.0,0.0,0.8002142034763757,0.8883311598243281,0.19604721943569725,0.1643903283029442,0.3108270993866361,0.3074431165147975,0.12416805167934564,0.07505090613690868,0.9072133488517433,0.9532585675174086,0.29801409749230146,0.21235892612567886
6,1,AV+,0.9722464095548966,0.9258977265846183,0.4825246098952428,0.48844931734918207,0.7827816618458754,0.6977384088774463,0.3884091973793654,0.3644937682082805,0.460406954821146,0.4492586105126739,0.22213892626078546,0.2357652252978435,0.28045675657341984,0.22474114935222633,0.16780323384628582,0.10481645564276376,0.9913074024785801,0.9691954414339501,0.5173335724094388,0.5124573774475117
6,1,AV-,0.9784176058623768,0.9133977699659163,0.4652499126720092,0.41384983103816686,0.7778712274847787,0.6683492208195345,0.36840749553455565,0.30376567489096273,0.48480195463979103,0.4482834310279541,0.22964672170016076,0.20064111343473112,0.2704753278106268,0.2285997584474494,0.14060967933039026,0.1616575448459454,0.9917688129706977,0.9610910835883808,0.5009322982220801,0.5027335571027227
7,1,V,0.9922514033037677,0.9675143447325537,0.38344568201141727,0.46015946198739655,0.9922514033037677,0.9675143447325537,0.38344568201141727,0.46015946198739655,0.0,0.0,0.0,0.0,0.001073176078707383,0.0559011185670506,0.048982867918695994,0.029960869862162287,0.9936381381532481,0.9696302703218372,0.4363178967927904,0.4835322262441475
7,1,A,0.9656417350651227,0.8529921256935921,0.15634830216410367,0.1836793656388317,0.0,0.0,0.0,0.0,0.9656417350651227,0.8529921256935921,0.15634830216410367,0.1836793656388317,0.18477385454145823,0.17737773919483957,0.10722388965803065,0.07496866524889045,0.9798067647696166,0.9089565607988174,0.23727687833191813,0.23905360804726317
7,1,AV+,0.987053882691418,0.9607493722364477,0.5852942159834184,0.5103884896633073,0.8393091231160907,0.7926561977759493,0.49631948958708294,0.41205204072433843,0.46955443229809735,0.4287786712770192,0.27268532311324933,0.23822845460156394,0.1911233452204697,0.25024502771309254,0.1649933912040905,0.22081643596275546,0.9941437943231585,0.9868061676018247,0.6486391856257425,0.6176259848928478
7,1,AV-,0.9840839967762737,0.9639916049603484,0.5837044303520519,0.49704889444527167,0.8464477651778762,0.8175221395639363,0.5062083788103044,0.42143193670147217,0.4520438338001448,0.4223416719680919,0.2605319351848856,0.2283382887015395,0.16674990591146532,0.19709852163802255,0.13751560781037886,0.1188524618560809,0.9950932321529501,0.9773221651131592,0.6417170042058729,0.5357129539017167
8,1,V,0.9694300812830892,0.841601478186518,0.1001924240910066,0.10802049268460556,0.9694300812830892,0.841601478186518,0.1001924240910066,0.10802049268460556,0.0,0.0,0.0,0.0,0.017737473344929366,0.04155321869923145,0.009083310015474688,0.013231394607557512,0.9717343553384922,0.8553863836148164,0.11027731011410813,0.09963449992214102
8,1,A,0.9709898579703793,0.8827302616102434,0.12402656022826763,0.1884690930439924,0.0,0.0,0.0,0.0,0.9709898579703793,0.8827302616102434,0.12402656022826763,0.1884690930439924,0.04002615517134267,0.007893239980113376,-0.006247129170348531,0.013549684673717866,0.9758494135298936,0.8838169777959569,0.11762047019968436,0.21808711061775043
8,1,AV+,0.9829246400139524,0.8999869097824934,0.28397786677838555,0.27068592057978236,0.607345284792856,0.6163775430220122,0.18267352679548654,0.18721920656540436,0.701330911427788,0.5912159889353614,0.18978817284240201,0.1695646193497028,0.06114222157707294,0.0923112184776187,0.034225609700977655,0.05115589792628639,0.9859322794879841,0.9051420472104015,0.3233154997927816,0.3024341936283135
8,1,AV-,0.9862722278753661,0.9117170157212833,0.23148944484845635,0.21615357542294178,0.6232579579665389,0.6592827159659513,0.14487190063386957,0.15897619782080097,0.7699366531913595,0.6360381354768501,0.1647480101360873,0.13659670470244645,0.06119985250794302,0.02649926463194585,0.02847275134339111,0.019476870722398898,0.982923148792785,0.9155811892009778,0.2629337898657932,0.23757115848918597
9,1,V,0.9956849207494144,0.9751460569377797,0.637560487897749,0.6689486650558546,0.9956849207494144,0.9751460569377797,0.637560487897749,0.6689486650558546,0.0,0.0,0.0,0.0,0.08214875284855383,0.10885090006050646,0.045715171087424955,0.04867865804216842,0.9965924355933059,0.9887361865654486,0.6352762947085777,0.6552089438486208
9,1,A,0.6976146131059291,0.5281732167484595,0.006269431320867436,0.00014002236992194383,0.0,0.0,0.0,0.0,0.6976146131059291,0.5281732167484595,0.006269431320867436,0.00014002236992194383,-0.6828520904333719,-0.46099337529693685,-0.09474907686272482,-0.14483387729010744,0.6515822755392591,0.05190253940082523,-0.0591883171947345,-0.1199753216390338
9,1,AV+,0.9874447636904633,0.986224989107895,0.6024100608586905,0.6235240222870695,0.9854146443516836,0.9780655925545106,0.5975056316914792,0.620144660009941,-0.0227823779802947,0.010961878386955504,-0.008135326070315196,0.0072951412227767465,0.17557437127065878,0.18709766157577,0.17327592402676384,0.1718900142785983,0.9970128999146795,0.9926517777460857,0.6774459900090519,0.6902194138276734
9,1,AV-,0.9811162774129025,0.9843676767827293,0.6204035915524777,0.6870465761603499,0.9832581902170455,0.9806470708372805,0.6210564851947535,0.6813478046561046,-0.025271144945133495,0.006541329664684237,-0.0164893293894397,0.005233947165363961,0.1706136693059327,0.14209983789359437,0.16651752127598718,0.11279780785696625,0.9979368301723339,0.9897429262730848,0.6942791196711617,0.7069628832033237
10,1,V,0.9899703977499597,0.9906258001869593,0.6342380839123054,0.5926989973246024,0.9899703977499597,0.9906258001869593,0.6342380839123054,0.5926989973246024,0.0,0.0,0.0,0.0,0.0029186324405212627,-0.0008335915890540502,0.009820962764887864,-0.01682422210377732,0.9898269758871698,0.9905913290715989,0.6498683814404356,0.603095298111176
10,1,A,0.4494358900980857,0.5639314666861795,0.011853489284189056,0.0344592651599156,0.0,0.0,0.0,0.0,0.4494358900980857,0.5639314666861795,0.011853489284189056,0.0344592651599156,0.06275478408249457,0.007254838691256649,0.03371510533007338,-0.086097229103409,0.4408566360757764,0.6418461483061813,0.08664098952415733,0.014576437574768342
10,1,AV+,0.995220674037382,0.9807006002443397,0.7101044948429736,0.6365498973466897,0.9620029813831927,0.9335075054126738,0.6861954791369781,0.6050405889056887,0.24616558660422394,0.21385826183891443,0.17094560395732972,0.13780868445404126,0.03304620820506443,0.049964942491930175,0.03704520895376484,0.040365935058973346,0.9960099096726376,0.9856082724702351,0.7407751406249734,0.6669619358347695
10,1,AV-,0.9958191132106661,0.9762110283686599,0.6970123743087264,0.6860000244901537,0.9638289070073255,0.9230518355946813,0.6744066980969325,0.6497884239106074,0.24923106407675888,0.21532497393973893,0.16767521887133052,0.14813080510677246,0.03565900719573212,-0.04452097130502275,0.04008977327418095,-0.06769129670678797,0.9961038463637762,0.9699282285300609,0.7243904137546973,0.6633865247555941
11,1,V,0.8113004122296807,0.7472486582000146,0.18637756727427568,0.20614703544309887,0.8113004122296807,0.7472486582000146,0.18637756727427568,0.20614703544309887,0.0,0.0,0.0,0.0,0.22641959510045295,0.2636224175005728,0.17881170429256377,0.19264450811651612,0.9129584662883806,0.8891697308005626,0.3399383973265705,0.36998422655751884
11,1,A,0.7019412330204291,0.759137611088556,0.18487421000816606,0.17340127506033265,0.0,0.0,0.0,0.0,0.7019412330204291,0.759137611088556,0.18487421000816606,0.17340127506033265,0.47582116541694797,0.3978737014585939,0.27505427967142726,0.1498544097060167,0.9216809769184822,0.9151286307811634,0.3955859972366218,0.262935683783171
11,1,AV+,0.9068371402100379,0.881885658125106,0.36482121430618186,0.4135520808694504,0.6203862924657393,0.5915955707046987,0.24649329154524113,0.28660588741432946,0.5122430005686531,0.49263468908919117,0.1999390201338338,0.21452641857690125,0.45169368865686277,0.4128131097159432,0.21606063923201824,0.21789627350877183,0.9854656476779637,0.9685930735917484,0.43383895709103837,0.4758291807558124
11,1,AV-,0.9405266581102236,0.906149332648599,0.3406013900388877,0.3841787518541564,0.6720145110137989,0.6220516175978563,0.24874217126884568,0.26776806785293483,0.5350281472669253,0.5019912393976882,0.19008593020442555,0.21022652202873915,0.45803842473928524,0.4792164897481874,0.19360721390240276,0.3056328974130076,0.9830993081234319,0.985232912125754,0.39126424761280076,0.5310546569759295
